FarUidValidity 9
NearUidValidity 1619169419
MaxPulledUid 402
MaxPushedUid 52

335 1 
340 2 S
343 3 S
353 4 S
354 5 S
355 6 
356 7 S
357 8 S
358 9 S
359 10 
360 11 
361 12 
362 13 RS
363 14 S
364 15 S
365 16 RS
366 17 S
367 18 S
369 19 S
370 20 S
371 21 S
372 22 S
373 23 S
374 24 RS
375 25 S
376 26 S
377 27 S
378 28 S
379 29 S
380 30 
381 31 S
382 32 S
383 33 S
384 34 S
385 35 S
386 36 S
387 37 S
388 38 S
389 39 S
390 40 S
391 41 S
392 42 S
393 43 S
394 44 S
395 45 S
396 46 S
397 47 
398 48 
399 49 S
400 50 
401 51 S
402 52 
