# GIMP colorrc
# 
# This file holds a list of recently used colors.

(color-history
    (color-rgba 0.013440860215053752 0.013440860215053752 0.013440860215053752 1)
    (color-rgba 1 1 1 1)
    (color-rgba 0.31439852714538574 0.089743189513683319 0.11025030165910721 1)
    (color-rgba 0.521505376344086 0.521505376344086 0.521505376344086 1)
    (color-rgba 0.32258064516129037 0.25629689821488078 0.25546655120155881 1)
    (color-rgba 0.31182795698924726 0.20848233002979147 0.20718770296600994 1)
    (color-rgba 0.013440860215053752 0.00078993001829279208 0.00063144980876091508 1)
    (color-rgba 0.013440860215053752 0.0049772097313052228 0.0048711842390127694 1)
    (color-rgba 0.87450980392156863 0.63529411764705879 0.56470588235294117 1)
    (color-rgba 0.79838709677419351 0.61585910928912146 0.44473912102186614 1)
    (color-rgba 0.65053763440860213 0.50209280508046472 0.50209280508046472 1)
    (color-rgba 0.55645161290322576 0.38092660749079882 0.38092660749079882 1)
    (color-rgba 0.467741935483871 0.32333838493180345 0.32333838493180345 1)
    (color-rgba 0.85752688172043012 0.54674532727141523 0.54674532727141523 1)
    (color-rgba 0.44892473118279574 0.30129176589449375 0.30129176589449375 1)
    (color-rgba 0.739247311827957 0.42667965649130407 0.42667965649130407 1)
    (color-rgba 0.81182795698924726 0.14710976401818579 0.14710976401818579 1)
    (color-rgba 0.81176470588235294 0.14901960784313728 0.14901960784313728 1)
    (color-rgba 0.81182795698924726 0.18999480872599614 0.14710976401818579 1)
    (color-rgba 0.14901960784313725 0.81176470588235294 0.73725490196078436 4.6489787756089823e-310)
    (color-rgba 0.14710976401818571 0.81182795698924726 0.73677912875057905 1)
    (color-rgba 0.28083279209064016 0.9731182795698925 0.89495701485449308 1)
    (color-rgba 0.18259724327054924 0.93817204301075274 0.24353069486250145 1)
    (color-rgba 0.019701234033340564 0.41935483870967738 0.23242008813526174 1)
    (color-rgba 0.20663598460775617 0.41935483870967738 0.019701234033340564 1)
    (color-rgba 0 0 0.71551724137931028 1)
    (color-rgba 0.76997798681259155 0.55638033151626587 0.55370455980300903 1)
    (color-rgba 0.49193548387096775 0.31365014072310027 0.31365014072310027 1)
    (color-rgba 0.97254901960784312 0.97254901960784312 0.97254901960784312 1)
    (color-rgba 0 0 0 1)
    (color-rgba 0.2338709677419355 0.14706064109599259 0.14597315436241612 1)
    (color-rgba 0 0 0.67473118279569899 1)
    (color-rgba 0.95430107526881724 0.11528469365663568 0.52126036217865934 1)
    (color-rgba 0.66397849462365599 0.37432344663347056 0.64061921655993126 1)
    (color-rgba 0.59677419354838712 0.44483514795130918 0.14819224940463302 1)
    (color-rgba 0.36021505376344087 0.22483221476510068 0.22483221476510068 1)
    (color-rgba 0.32819592952728271 0.32819592952728271 0.32819592952728271 1)
    (color-rgba 0.88172043010752688 0.13839517467589452 0.10059897524716745 1)
    (color-rgba 0.94892473118279574 0.36547674751552123 0.04458035649852065 1)
    (color-rgba 0.13305549541747852 0.793010752688172 0.17563325395107157 1)
    (color-rgba 0.13305549541747852 0.793010752688172 0.76107743378797721 1)
    (color-rgba 0.32465540881864774 0.793010752688172 0.13305549541747852 1)
    (color-rgba 0.793010752688172 0.13305549541747852 0.22885545211806263 1)
    (color-rgba 0.9731182795698925 0.9731182795698925 0.9731182795698925 1)
    (color-rgba 0 0 0 4.6812129060660879e-310)
    (color-rgba 0.97254901960784312 0.97254901960784312 0.97254901960784312 4.6812129060660879e-310)
    (color-rgba 0.61290322580645162 0.37432344663347045 0.37432344663347045 1)
    (color-rgba 0.217741935483871 0.1446741718986794 0.1446741718986794 1)
    (color-rgba 0.19354838709677424 0.13379519376488422 0.13379519376488422 1)
    (color-rgba 0.12903225806451613 0.11171249188135959 0.11171249188135959 1)
    (color-rgba 0.031372549019607843 0.0078431372549019607 0.0078431372549019607 1)
    (color-rgba 0.029569892473118253 0.0083351374756440721 0.008904920644049073 1)
    (color-rgba 0.81989247311827951 0.50624233239517924 0.51465837350199406 1)
    (color-rgba 0.51344086021505375 0.33769935772533732 0.34241495487353879 1)
    (color-rgba 0.51678299903869629 0.29532957077026367 0.30127173662185669 1))

# end of colorrc
