FarUidValidity 1
NearUidValidity 1619169217
MaxPulledUid 2005
MaxPushedUid 1555

156 1 
163 2 
170 3 
171 4 
172 5 
178 6 
179 7 
180 8 
181 9 
182 10 
184 11 
185 12 
188 13 
189 14 
190 15 
194 16 
196 17 
197 18 
198 19 
199 20 
200 21 
201 22 
202 23 
203 24 
220 25 
231 26 
232 27 
233 28 
234 29 
235 30 
236 31 
237 32 
238 33 
239 34 
240 35 
241 36 
242 37 
243 38 
245 39 
246 40 
247 41 
248 42 
249 43 
250 44 
251 45 
252 46 
253 47 
254 48 
255 49 
256 50 
257 51 
258 52 
259 53 
260 54 
261 55 
262 56 
263 57 
264 58 
265 59 
266 60 
267 61 
268 62 
269 63 
270 64 
271 65 
272 66 
273 67 
274 68 
275 69 
276 70 
277 71 
278 72 
279 73 
280 74 
281 75 
282 76 
283 77 
284 78 
285 79 
286 80 
287 81 
288 82 
289 83 
290 84 
291 85 
292 86 
293 87 
294 88 
295 89 
296 90 
297 91 
298 92 
299 93 
300 94 
301 95 
302 96 
303 97 
304 98 
305 99 
306 100 
309 101 
310 102 
311 103 
312 104 
313 105 
315 106 
316 107 
318 108 
319 109 
321 110 
322 111 
323 112 
324 113 
325 114 
326 115 
327 116 
328 117 
329 118 
330 119 
331 120 
332 121 
333 122 
334 123 
335 124 
336 125 
337 126 
338 127 
339 128 
340 129 
341 130 
342 131 
343 132 
344 133 
345 134 
346 135 
347 136 
348 137 
349 138 
350 139 
351 140 
352 141 
353 142 
354 143 
355 144 
356 145 
357 146 
358 147 
360 148 
361 149 
362 150 
363 151 
364 152 
365 153 
366 154 
367 155 
368 156 
369 157 
370 158 
371 159 
372 160 
373 161 
374 162 
375 163 
376 164 
377 165 
378 166 
379 167 
380 168 
381 169 
382 170 
383 171 
384 172 
385 173 
386 174 
387 175 
388 176 
389 177 
390 178 
391 179 
392 180 
393 181 
394 182 
395 183 
396 184 
397 185 
401 186 
402 187 
403 188 
404 189 
405 190 
406 191 
407 192 
408 193 
409 194 
410 195 
411 196 
412 197 
414 198 
415 199 
416 200 
417 201 
418 202 
419 203 
420 204 
421 205 
422 206 
423 207 
424 208 
425 209 
426 210 
427 211 
428 212 
429 213 
430 214 
431 215 
432 216 
433 217 
434 218 
435 219 
436 220 
437 221 
438 222 
439 223 
440 224 
441 225 
442 226 
443 227 
444 228 
445 229 
446 230 
447 231 
448 232 
449 233 
450 234 
451 235 
452 236 
453 237 
454 238 
455 239 
456 240 
457 241 
458 242 
459 243 
460 244 
461 245 
462 246 
463 247 
464 248 
465 249 
466 250 
467 251 
468 252 
469 253 
470 254 
471 255 
472 256 
473 257 
474 258 
475 259 
476 260 
477 261 
478 262 
479 263 
480 264 
481 265 
482 266 
483 267 
484 268 
485 269 
486 270 
487 271 
488 272 
489 273 
490 274 
491 275 
493 276 
494 277 
495 278 
496 279 
497 280 
498 281 
499 282 
500 283 
501 284 
502 285 
503 286 
504 287 
505 288 
506 289 
507 290 
508 291 
509 292 
510 293 
511 294 
512 295 
513 296 
514 297 
516 298 
517 299 
519 300 
520 301 
521 302 
522 303 
523 304 
524 305 
525 306 
526 307 
527 308 
528 309 
529 310 
530 311 
531 312 
532 313 
533 314 
534 315 
535 316 
536 317 
537 318 
538 319 
539 320 
540 321 
541 322 
542 323 
543 324 
544 325 
545 326 
546 327 
547 328 
548 329 
549 330 
550 331 
551 332 
552 333 
553 334 
554 335 
555 336 
556 337 
557 338 
558 339 
559 340 
560 341 
561 342 
562 343 
563 344 
564 345 
565 346 
566 347 
567 348 
568 349 
569 350 
570 351 
571 352 
572 353 
573 354 
574 355 
575 356 
576 357 
577 358 
578 359 
579 360 
580 361 
581 362 
582 363 
583 364 
584 365 
585 366 
586 367 
587 368 
588 369 
589 370 
590 371 
591 372 
593 373 
594 374 
595 375 
596 376 
597 377 
598 378 
599 379 
600 380 
601 381 
602 382 
603 383 
604 384 
605 385 
606 386 
609 387 
610 388 
611 389 
612 390 
613 391 
614 392 
615 393 
617 394 
618 395 
619 396 
621 397 
622 398 
623 399 
627 400 
628 401 
629 402 
631 403 
634 404 
636 405 
638 406 
639 407 
640 408 
643 409 
644 410 
646 411 
647 412 
649 413 
650 414 
651 415 
653 416 
655 417 
657 418 
659 419 
660 420 
662 421 
664 422 
665 423 
667 424 
668 425 
670 426 
672 427 
674 428 
676 429 
677 430 
679 431 
681 432 
682 433 
684 434 
685 435 
686 436 
687 437 
688 438 
690 439 
692 440 
694 441 
696 442 
698 443 
699 444 
701 445 
706 446 
709 447 
710 448 
713 449 
715 450 
721 451 
723 452 
726 453 
733 454 
734 455 
737 456 
738 457 
740 458 
742 459 
743 460 
745 461 
746 462 
751 463 
754 464 
755 465 
757 466 
758 467 
759 468 
760 469 
763 470 
765 471 
767 472 
768 473 
769 474 
770 475 
772 476 
773 477 
775 478 
776 479 
777 480 
778 481 
779 482 
781 483 
784 484 S
785 485 
786 486 
787 487 
788 488 
790 489 
794 490 
796 491 
797 492 
798 493 
799 494 
800 495 
801 496 
802 497 
803 498 
806 499 
807 500 
810 501 
811 502 
812 503 
813 504 
814 505 
816 506 
817 507 
818 508 
819 509 
822 510 
823 511 
825 512 S
826 513 
829 514 
830 515 
831 516 
835 517 
836 518 
837 519 
838 520 
839 521 
841 522 
842 523 
844 524 
845 525 
847 526 
849 527 
855 528 
856 529 
857 530 
858 531 
860 532 
861 533 
863 534 
864 535 
865 536 
866 537 
868 538 
870 539 
871 540 
872 541 
873 542 
874 543 
876 544 
877 545 
878 546 
879 547 
880 548 
881 549 
883 550 
884 551 
886 552 
888 553 
889 554 
890 555 
891 556 
892 557 
893 558 
896 559 
897 560 
898 561 
900 562 
903 563 
906 564 
908 565 
910 566 
911 567 
913 568 
914 569 
915 570 
916 571 
917 572 
918 573 
920 574 
921 575 
922 576 
925 577 
927 578 
928 579 
930 580 
931 581 
932 582 
934 583 
936 584 
937 585 
938 586 
941 587 
942 588 
944 589 
945 590 
947 591 
948 592 
949 593 
950 594 
952 595 
954 596 
955 597 
961 598 
962 599 
965 600 
966 601 
967 602 
970 603 
971 604 
974 605 
975 606 
976 607 
978 608 
979 609 
980 610 
981 611 
983 612 
984 613 
985 614 
988 615 
990 616 
992 617 
993 618 
994 619 
996 620 
997 621 
998 622 
999 623 
1001 624 
1003 625 
1004 626 
1006 627 
1007 628 
1008 629 
1009 630 
1010 631 
1012 632 
1015 633 
1016 634 
1017 635 
1019 636 
1020 637 
1021 638 
1022 639 
1023 640 
1026 641 
1027 642 
1028 643 
1029 644 
1030 645 
1031 646 
1032 647 
1033 648 S
1034 649 
1035 650 
1036 651 S
1037 652 S
1038 653 
1039 654 
1040 655 
1041 656 
1042 657 
1043 658 
1044 659 
1045 660 
1046 661 
1047 662 
1048 663 
1049 664 
1050 665 
1051 666 
1052 667 
1053 668 
1054 669 
1055 670 
1056 671 
1057 672 
1058 673 
1059 674 
1060 675 
1061 676 
1062 677 
1063 678 
1064 679 
1065 680 
1066 681 
1067 682 
1068 683 
1069 684 
1070 685 
1071 686 
1072 687 
1073 688 
1074 689 
1075 690 
1076 691 
1077 692 
1078 693 
1079 694 
1080 695 
1081 696 
1082 697 
1083 698 
1084 699 S
1085 700 
1086 701 
1087 702 
1088 703 S
1089 704 
1090 705 
1091 706 
1092 707 
1093 708 
1094 709 S
1095 710 
1096 711 S
1097 712 
1098 713 
1099 714 
1100 715 
1101 716 
1102 717 
1103 718 
1104 719 
1105 720 
1106 721 
1107 722 
1108 723 
1109 724 
1110 725 
1111 726 
1112 727 
1113 728 
1114 729 
1115 730 S
1116 731 
1117 732 
1118 733 
1119 734 
1120 735 
1121 736 S
1122 737 
1123 738 
1124 739 RS
1125 740 
1126 741 
1127 742 
1128 743 S
1129 744 
1130 745 
1131 746 
1132 747 
1133 748 
1134 749 
1135 750 
1136 751 
1137 752 
1138 753 
1139 754 
1140 755 
1141 756 
1142 757 S
1143 758 
1144 759 
1145 760 
1146 761 
1147 762 
1148 763 
1149 764 
1150 765 
1151 766 
1152 767 
1153 768 
1154 769 
1155 770 
1156 771 
1157 772 
1158 773 
1159 774 
1160 775 
1161 776 
1162 777 
1163 778 
1164 779 
1165 780 
1166 781 
1167 782 
1168 783 
1169 784 
1170 785 
1171 786 
1172 787 RS
1173 788 S
1174 789 S
1175 790 
1176 791 
1177 792 
1179 793 
1180 794 
1181 795 
1182 796 
1183 797 
1184 798 
1185 799 
1186 800 
1187 801 
1188 802 
1189 803 
1190 804 
1191 805 
1192 806 
1193 807 
1195 808 
1196 809 
1197 810 
1198 811 
1199 812 
1200 813 
1201 814 
1202 815 
1203 816 
1204 817 
1205 818 
1206 819 
1207 820 
1208 821 
1210 822 
1211 823 
1213 824 
1214 825 
1215 826 
1216 827 
1217 828 
1218 829 
1219 830 
1220 831 
1221 832 
1222 833 
1223 834 
1224 835 
1225 836 
1226 837 
1227 838 
1229 839 S
1230 840 
1231 841 
1232 842 
1233 843 
1235 844 
1236 845 
1237 846 
1238 847 
1239 848 
1240 849 
1241 850 
1242 851 
1243 852 
1244 853 
1245 854 
1246 855 
1247 856 
1248 857 
1249 858 
1250 859 
1251 860 
1252 861 
1253 862 
1254 863 
1255 864 
1256 865 
1257 866 
1258 867 
1260 868 
1262 869 
1263 870 
1264 871 
1265 872 
1266 873 
1267 874 
1268 875 
1269 876 
1271 877 
1273 878 
1274 879 
1275 880 
1277 881 
1278 882 
1279 883 
1281 884 
1282 885 
1284 886 
1285 887 
1286 888 
1287 889 
1288 890 
1289 891 
1290 892 
1291 893 
1292 894 
1293 895 
1295 896 
1297 897 
1298 898 
1299 899 
1302 900 
1303 901 
1304 902 
1305 903 
1306 904 
1307 905 
1308 906 
1311 907 
1314 908 
1316 909 
1317 910 
1318 911 
1319 912 
1322 913 
1323 914 
1324 915 
1325 916 
1326 917 
1327 918 
1328 919 
1329 920 
1330 921 
1331 922 
1332 923 
1334 924 
1336 925 
1337 926 
1338 927 S
1341 928 
1342 929 S
1344 930 
1346 931 
1347 932 
1348 933 
1350 934 
1351 935 
1352 936 
1353 937 
1355 938 
1356 939 
1357 940 
1358 941 
1359 942 
1361 943 
1362 944 
1364 945 
1365 946 
1366 947 
1367 948 
1368 949 
1372 950 
1373 951 
1375 952 
1376 953 
1378 954 
1381 955 
1382 956 S
1384 957 
1385 958 
1386 959 
1387 960 
1388 961 
1389 962 
1390 963 S
1391 964 S
1392 965 RS
1393 966 S
1394 967 S
1395 968 
1396 969 
1397 970 S
1398 971 RS
1399 972 
1400 973 
1401 974 
1404 975 S
1405 976 
1406 977 S
1407 978 
1409 979 
1410 980 
1413 981 
1414 982 
1415 983 
1416 984 
1417 985 
1418 986 
1419 987 
1420 988 
1421 989 
1422 990 
1423 991 
1424 992 
1425 993 
1427 994 
1428 995 
1429 996 
1430 997 
1431 998 
1432 999 
1433 1000 
1435 1001 
1436 1002 
1437 1003 
1438 1004 S
1440 1005 
1441 1006 S
1442 1007 
1444 1008 
1445 1009 
1446 1010 
1447 1011 
1448 1012 
1449 1013 
1450 1014 
1451 1015 
1452 1016 
1453 1017 
1454 1018 
1455 1019 
1456 1020 
1457 1021 
1458 1022 
1459 1023 
1460 1024 
1461 1025 
1462 1026 
1463 1027 
1464 1028 
1465 1029 
1466 1030 
1467 1031 
1469 1032 
1470 1033 
1471 1034 S
1472 1035 
1473 1036 
1474 1037 
1475 1038 
1476 1039 
1477 1040 
1480 1041 
1481 1042 
1482 1043 
1483 1044 
1484 1045 
1485 1046 
1487 1047 
1488 1048 
1489 1049 
1490 1050 
1491 1051 
1492 1052 
1493 1053 S
1494 1054 S
1495 1055 
1496 1056 
1498 1057 
1499 1058 S
1500 1059 
1501 1060 
1502 1061 
1503 1062 
1504 1063 S
1505 1064 S
1508 1065 
1509 1066 
1510 1067 
1511 1068 
1512 1069 
1513 1070 
1514 1071 
1515 1072 
1516 1073 
1517 1074 
1518 1075 
1519 1076 
1520 1077 
1521 1078 
1522 1079 
1523 1080 
1524 1081 
1525 1082 S
1526 1083 
1527 1084 
1528 1085 
1529 1086 
1530 1087 
1531 1088 S
1532 1089 
1533 1090 
1534 1091 
1535 1092 
1536 1093 
1537 1094 
1538 1095 
1540 1096 
1541 1097 
1542 1098 
1543 1099 
1544 1100 
1545 1101 
1547 1102 
1548 1103 
1549 1104 
1550 1105 
1551 1106 S
1552 1107 
1553 1108 
1554 1109 S
1555 1110 
1556 1111 
1558 1112 
1559 1113 
1560 1114 
1561 1115 
1562 1116 
1564 1117 
1565 1118 
1566 1119 
1567 1120 
1568 1121 
1569 1122 
1570 1123 
1571 1124 S
1572 1125 S
1573 1126 S
1574 1127 
1575 1128 
1576 1129 
1577 1130 S
1578 1131 S
1579 1132 S
1580 1133 S
1581 1134 
1582 1135 
1583 1136 
1584 1137 
1585 1138 
1586 1139 S
1587 1140 
1588 1141 S
1589 1142 
1590 1143 
1591 1144 
1592 1145 S
1593 1146 
1594 1147 
1595 1148 
1596 1149 
1597 1150 
1598 1151 S
1599 1152 
1600 1153 
1601 1154 
1602 1155 
1603 1156 
1604 1157 
1605 1158 
1606 1159 
1607 1160 S
1608 1161 
1609 1162 
1610 1163 
1611 1164 
1612 1165 
1613 1166 
1614 1167 
1615 1168 
1616 1169 
1617 1170 
1618 1171 
1619 1172 
1620 1173 
1621 1174 
1622 1175 
1623 1176 
1624 1177 
1625 1178 
1626 1179 
1627 1180 
1628 1181 
1629 1182 
1630 1183 
1631 1184 
1632 1185 
1633 1186 
1634 1187 
1635 1188 
1636 1189 
1637 1190 
1638 1191 
1639 1192 
1640 1193 
1641 1194 
1642 1195 
1643 1196 
1644 1197 
1645 1198 S
1646 1199 S
1647 1200 
1648 1201 S
1649 1202 
1650 1203 
1651 1204 
1652 1205 
1653 1206 
1654 1207 
1655 1208 
1656 1209 
1657 1210 S
1658 1211 
1659 1212 
1660 1213 
1662 1214 
1663 1215 
1664 1216 
1665 1217 
1666 1218 
1667 1219 
1668 1220 
1669 1221 
1670 1222 
1672 1223 
1673 1224 
1674 1225 
1675 1226 
1676 1227 S
1677 1228 S
1678 1229 
1679 1230 
1680 1231 
1681 1232 
1682 1233 
1683 1234 
1684 1235 
1685 1236 
1686 1237 
1687 1238 
1688 1239 S
1689 1240 
1690 1241 
1691 1242 
1692 1243 
1693 1244 
1694 1245 S
1695 1246 
1696 1247 
1697 1248 
1698 1249 
1699 1250 
1700 1251 
1701 1252 S
1702 1253 
1703 1254 
1704 1255 
1705 1256 
1706 1257 
1707 1258 
1708 1259 
1709 1260 
1710 1261 
1711 1262 
1712 1263 
1713 1264 
1714 1265 
1715 1266 
1716 1267 
1717 1268 
1718 1269 
1719 1270 
1720 1271 
1721 1272 
1722 1273 
1723 1274 
1724 1275 
1725 1276 
1726 1277 
1727 1278 
1728 1279 
1729 1280 
1730 1281 
1731 1282 
1732 1283 
1733 1284 
1734 1285 
1735 1286 
1736 1287 
1737 1288 
1738 1289 
1739 1290 
1740 1291 
1741 1292 
1742 1293 
1743 1294 
1744 1295 
1745 1296 
1746 1297 S
1747 1298 
1748 1299 
1749 1300 
1750 1301 
1751 1302 
1752 1303 
1753 1304 
1754 1305 
1755 1306 
1756 1307 
1757 1308 
1758 1309 
1759 1310 
1760 1311 
1761 1312 
1762 1313 
1763 1314 
1764 1315 
1765 1316 
1766 1317 
1767 1318 
1768 1319 
1769 1320 
1770 1321 
1771 1322 
1772 1323 
1773 1324 
1774 1325 
1775 1326 
1777 1327 
1778 1328 S
1779 1329 
1780 1330 
1781 1331 S
1782 1332 
1783 1333 
1784 1334 S
1785 1335 
1786 1336 
1787 1337 S
1788 1338 
1789 1339 
1790 1340 
1791 1341 
1792 1342 
1793 1343 S
1794 1344 
1795 1345 
1796 1346 S
1797 1347 S
1798 1348 
1799 1349 
1800 1350 
1801 1351 S
1802 1352 S
1803 1353 
1804 1354 S
1805 1355 
1806 1356 
1807 1357 
1808 1358 
1809 1359 S
1810 1360 
1811 1361 
1812 1362 S
1813 1363 S
1814 1364 
1815 1365 
1816 1366 
1817 1367 
1818 1368 
1819 1369 
1820 1370 
1821 1371 
1822 1372 
1823 1373 
1824 1374 S
1825 1375 S
1826 1376 S
1827 1377 S
1828 1378 
1829 1379 
1830 1380 S
1831 1381 S
1832 1382 S
1833 1383 
1834 1384 S
1835 1385 
1836 1386 
1837 1387 
1838 1388 
1839 1389 S
1840 1390 
1841 1391 
1842 1392 
1843 1393 
1844 1394 
1845 1395 
1846 1396 
1847 1397 
1848 1398 
1849 1399 
1850 1400 S
1851 1401 
1852 1402 
1853 1403 S
1854 1404 
1855 1405 
1856 1406 
1857 1407 
1858 1408 
1859 1409 
1860 1410 
1861 1411 
1862 1412 
1863 1413 S
1864 1414 S
1865 1415 
1866 1416 S
1867 1417 S
1868 1418 
1869 1419 S
1870 1420 
1871 1421 
1872 1422 
1873 1423 S
1874 1424 S
1875 1425 S
1876 1426 
1877 1427 S
1878 1428 S
1879 1429 S
1880 1430 S
1881 1431 
1882 1432 
1883 1433 
1884 1434 
1885 1435 S
1886 1436 S
1887 1437 S
1888 1438 
1889 1439 
1890 1440 S
1891 1441 S
1892 1442 
1893 1443 
1894 1444 
1895 1445 
1896 1446 S
1897 1447 S
1898 1448 S
1899 1449 
1900 1450 
1901 1451 
1902 1452 S
1903 1453 S
1904 1454 
1905 1455 
1906 1456 S
1907 1457 
1908 1458 
1909 1459 S
1910 1460 S
1911 1461 S
1912 1462 
1913 1463 S
1914 1464 
1915 1465 
1916 1466 S
1917 1467 
1918 1468 
1919 1469 
1920 1470 
1921 1471 
1922 1472 
1923 1473 
1924 1474 
1925 1475 
1926 1476 
1927 1477 
1928 1478 
1929 1479 
1930 1480 
1931 1481 
1932 1482 
1933 1483 
1934 1484 
1935 1485 
1936 1486 
1937 1487 
1938 1488 
1939 1489 
1940 1490 
1941 1491 
1942 1492 
1943 1493 S
1944 1494 
1945 1495 S
1946 1496 
1947 1497 
1948 1498 
1949 1499 
1950 1500 
1951 1501 
1952 1502 
1953 1503 
1954 1504 
1955 1505 
1956 1506 
1957 1507 
1958 1508 
1959 1509 
1960 1510 
1961 1511 
1962 1512 
1963 1513 
1964 1514 
1965 1515 
1966 1516 
1967 1517 
1968 1518 S
1969 1519 S
1970 1520 S
1971 1521 S
1972 1522 S
1973 1523 S
1974 1524 S
1975 1525 S
1976 1526 S
1977 1527 S
1978 1528 S
1979 1529 S
1980 1530 
1981 1531 
1982 1532 
1983 1533 S
1984 1534 
1985 1535 
1986 1536 
1987 1537 
1988 1538 
1989 1539 
1990 1540 S
1991 1541 
1992 1542 S
1993 1543 
1994 1544 
1995 1545 
1996 1546 
1997 1547 
1998 1548 
1999 1549 
2000 1550 
2001 1551 
2002 1552 S
2003 1553 
2004 1554 
2005 1555 
